#               H0,          m_param,    k_param_celia,          B_param,    T_param_celia,         b0_param,         c0_param
 1.177531e+00	-3.347059e-01	-7.660707e-01	 1.498678e+01	 6.576644e+02	-7.779177e+02	 3.120065e+02	
-3.347059e-01	 3.897511e+02	 2.793078e-01	-1.712401e+05	-4.050009e+05	-8.220604e+04	-2.778819e+05	
-7.660707e-01	 2.793078e-01	 6.096792e-01	-2.022228e+02	-1.476636e+03	 3.965960e+02	-4.926943e+01	
 1.498678e+01	-1.712401e+05	-2.022228e+02	 3.889028e+09	 4.702082e+09	 1.545224e+09	 6.883636e+09	
 6.576644e+02	-4.050009e+05	-1.476636e+03	 4.702082e+09	 1.360834e+10	 2.227628e+09	 4.652590e+09	
-7.779177e+02	-8.220604e+04	 3.965960e+02	 1.545224e+09	 2.227628e+09	 1.357605e+09	 2.904207e+09	
 3.120065e+02	-2.778819e+05	-4.926943e+01	 6.883636e+09	 4.652590e+09	 2.904207e+09	 1.907218e+10	
