#               H0,          omega_b,        omega_cdm,      alpha_param,         bs_param,          Omega_m
 2.738357e-01	-2.002049e-04	-1.579442e-04	 5.098046e-02	-3.761291e-02	-1.673563e-03	
-2.002049e-04	 2.312265e-05	-1.394203e-06	 3.477166e-04	-6.099207e-04	 7.066199e-05	
-1.579442e-04	-1.394203e-06	 1.093705e-05	 8.214152e-05	-1.376786e-04	 3.108116e-05	
 5.098046e-02	 3.477166e-04	 8.214152e-05	 5.361508e-02	-8.456395e-02	 1.282443e-03	
-3.761291e-02	-6.099207e-04	-1.376786e-04	-8.456395e-02	 1.430050e-01	-2.326482e-03	
-1.673563e-03	 7.066199e-05	 3.108116e-05	 1.282443e-03	-2.326482e-03	 3.320863e-04	
