#          omega_b,        omega_cdm,              A_s,              n_s,         tau_reio,           b0_fld,           b1_fld,     Omega_Lambda,           z_reio,               H0,           sigma8
 4.020422e-08	-1.627617e-07	 2.599870e-15	 2.825365e-07	 7.280896e-07	-6.005306e-06	 3.114323e-05	 4.298465e-07	 4.789559e-05	 1.877953e-05	-1.150283e-06	
-1.627617e-07	 3.403557e-06	-2.640313e-14	-6.965843e-06	-9.910431e-06	 3.301434e-05	-3.310394e-04	-6.784994e-06	-7.356340e-04	 1.556844e-05	 2.116121e-05	
 2.599870e-15	-2.640313e-14	 5.555215e-21	 6.609399e-14	 1.273641e-12	-5.007802e-13	 3.056605e-12	 7.087434e-14	 1.110416e-10	 2.328264e-12	 8.401523e-13	
 2.825365e-07	-6.965843e-06	 6.609399e-14	 1.983754e-05	 2.445258e-05	-7.802375e-05	 7.147249e-04	 1.367064e-05	 1.890471e-03	-6.955865e-05	-3.977885e-05	
 7.280896e-07	-9.910431e-06	 1.273641e-12	 2.445258e-05	 2.974695e-04	-1.545565e-04	 1.074301e-03	 2.394614e-05	 2.581518e-02	 5.041420e-04	 1.642994e-04	
-6.005306e-06	 3.301434e-05	-5.007802e-13	-7.802375e-05	-1.545565e-04	 1.257062e-02	-3.096521e-02	-5.662747e-04	-1.183394e-02	-5.707880e-02	-1.320830e-04	
 3.114323e-05	-3.310394e-04	 3.056605e-12	 7.147249e-04	 1.074301e-03	-3.096521e-02	 1.037446e-01	 1.392913e-03	 7.900414e-02	 8.413683e-02	-1.847163e-03	
 4.298465e-07	-6.784994e-06	 7.087434e-14	 1.367064e-05	 2.394614e-05	-5.662747e-04	 1.392913e-03	 5.555033e-05	 1.829637e-03	 4.725575e-03	-9.115240e-07	
 4.789559e-05	-7.356340e-04	 1.110416e-10	 1.890471e-03	 2.581518e-02	-1.183394e-02	 7.900414e-02	 1.829637e-03	 2.252635e+00	 4.210149e-02	 1.545451e-02	
 1.877953e-05	 1.556844e-05	 2.328264e-12	-6.955865e-05	 5.041420e-04	-5.707880e-02	 8.413683e-02	 4.725575e-03	 4.210149e-02	 5.406133e-01	 4.730135e-03	
-1.150283e-06	 2.116121e-05	 8.401523e-13	-3.977885e-05	 1.642994e-04	-1.320830e-04	-1.847163e-03	-9.115240e-07	 1.545451e-02	 4.730135e-03	 3.650195e-04	
