#               H0,          m_param,    k_param_celia,          B_param,    T_param_celia,         b0_param,         c0_param
 1.164673e+00	-1.390446e-01	-7.526297e-01	 2.986911e+03	 7.142442e+03	 1.443197e+04	 1.121935e+04	
-1.390446e-01	 3.728588e+02	 2.967995e-01	-1.002156e+06	-3.499824e+06	-3.344072e+06	-3.725996e+06	
-7.526297e-01	 2.967995e-01	 6.001321e-01	-3.390956e+03	-9.376533e+03	-1.448419e+04	-1.273899e+04	
 2.986911e+03	-1.002156e+06	-3.390956e+03	 3.456371e+10	 1.098959e+11	 1.254514e+11	 1.293445e+11	
 7.142442e+03	-3.499824e+06	-9.376533e+03	 1.098959e+11	 3.799578e+11	 3.650251e+11	 4.239940e+11	
 1.443197e+04	-3.344072e+06	-1.448419e+04	 1.254514e+11	 3.650251e+11	 5.196747e+11	 4.580975e+11	
 1.121935e+04	-3.725996e+06	-1.273899e+04	 1.293445e+11	 4.239940e+11	 4.580975e+11	 4.980013e+11	
