#          omega_b,        omega_cdm,              A_s,              n_s,         tau_reio,           b0_fld,           b1_fld,           b2_fld,     Omega_Lambda,           z_reio,               H0,           sigma8,          Omega_m
 3.305571e-08	-1.722183e-07	 2.789091e-15	 3.233621e-07	 7.977335e-07	-2.303944e-06	 1.263172e-05	 4.580747e-05	 3.041877e-07	 5.684470e-05	 9.720484e-07	-1.141511e-06	-3.042249e-07	
-1.722183e-07	 4.012286e-06	-4.156132e-14	-8.640344e-06	-1.412443e-05	 6.985693e-05	-2.358823e-04	-9.157022e-04	-8.941817e-06	-1.110182e-03	-8.915935e-05	 2.145220e-05	 8.945371e-06	
 2.789091e-15	-4.156132e-14	 5.771256e-21	 1.056105e-13	 1.340334e-12	-8.344755e-13	 3.348852e-12	 9.920940e-12	 8.646416e-14	 1.164609e-10	 4.517219e-13	 7.654859e-13	-8.648263e-14	
 3.233621e-07	-8.640344e-06	 1.056105e-13	 2.488509e-05	 3.539961e-05	-1.627698e-04	 5.382292e-04	 2.011735e-03	 1.957045e-05	 2.839818e-03	 2.167878e-04	-4.106447e-05	-1.957908e-05	
 7.977335e-07	-1.412443e-05	 1.340334e-12	 3.539961e-05	 3.175921e-04	-2.713375e-04	 1.021236e-03	 3.314729e-03	 3.022642e-05	 2.749634e-02	 2.149134e-04	 1.465605e-04	-3.023508e-05	
-2.303944e-06	 6.985693e-05	-8.344755e-13	-1.627698e-04	-2.713375e-04	 2.037908e-02	-6.122552e-02	-1.137716e-02	-8.076800e-04	-2.191186e-02	-7.576198e-02	-2.035774e-04	 8.106999e-04	
 1.263172e-05	-2.358823e-04	 3.348852e-12	 5.382292e-04	 1.021236e-03	-6.122552e-02	 4.057061e-01	-2.994558e-01	 1.420389e-03	 7.824221e-02	 1.081972e-01	-1.789858e-04	-1.424703e-03	
 4.580747e-05	-9.157022e-04	 9.920940e-12	 2.011735e-03	 3.314729e-03	-1.137716e-02	-2.994558e-01	 8.116712e-01	 2.426089e-03	 2.667920e-01	 6.529337e-02	-5.257856e-03	-2.428693e-03	
 3.041877e-07	-8.941817e-06	 8.646416e-14	 1.957045e-05	 3.022642e-05	-8.076800e-04	 1.420389e-03	 2.426089e-03	 6.514039e-05	 2.392590e-03	 5.333327e-03	-4.758839e-06	-6.535307e-05	
 5.684470e-05	-1.110182e-03	 1.164609e-10	 2.839818e-03	 2.749634e-02	-2.191186e-02	 7.824221e-02	 2.667920e-01	 2.392590e-03	 2.394140e+00	 1.737970e-02	 1.373176e-02	-2.393292e-03	
 9.720484e-07	-8.915935e-05	 4.517219e-13	 2.167878e-04	 2.149134e-04	-7.576198e-02	 1.081972e-01	 6.529337e-02	 5.333327e-03	 1.737970e-02	 5.870924e-01	 4.377325e-03	-5.356724e-03	
-1.141511e-06	 2.145220e-05	 7.654859e-13	-4.106447e-05	 1.465605e-04	-2.035774e-04	-1.789858e-04	-5.257856e-03	-4.758839e-06	 1.373176e-02	 4.377325e-03	 3.480284e-04	 4.584264e-06	
-3.042249e-07	 8.945371e-06	-8.648263e-14	-1.957908e-05	-3.023508e-05	 8.106999e-04	-1.424703e-03	-2.428693e-03	-6.535307e-05	-2.393292e-03	-5.356724e-03	 4.584264e-06	 6.556669e-05	
