#          omega_b,        omega_cdm,           b0_fld,           b1_fld,     Omega_Lambda,               H0
 4.317050e-05	-2.011141e-04	 5.378148e-04	 5.019452e-03	 3.347108e-04	-2.901502e-04	
-2.011141e-04	 1.011277e-03	-2.501929e-03	-2.432272e-02	-1.716470e-03	 1.452690e-03	
 5.378148e-04	-2.501929e-03	 3.904978e-02	-9.113786e-02	 3.159028e-03	-9.801783e-02	
 5.019452e-03	-2.432272e-02	-9.113786e-02	 1.589902e+00	 4.404301e-02	 2.525517e-01	
 3.347108e-04	-1.716470e-03	 3.159028e-03	 4.404301e-02	 2.995106e-03	 3.955178e-03	
-2.901502e-04	 1.452690e-03	-9.801783e-02	 2.525517e-01	 3.955178e-03	 6.248012e-01	
