#          omega_b,        omega_cdm,              A_s,              n_s,         tau_reio,           b0_fld,           b1_fld,           b2_fld,           b3_fld,     Omega_Lambda,           z_reio,               H0,           sigma8,          Omega_m
 2.919712e-08	-1.398828e-07	 2.784485e-15	 2.887538e-07	 7.652271e-07	 9.193004e-07	-2.791461e-05	 1.384207e-04	-2.404371e-06	 2.109139e-07	 5.623448e-05	-2.652657e-06	-8.694662e-07	-2.108072e-07	
-1.398828e-07	 3.625152e-06	-4.111971e-14	-8.321887e-06	-1.362036e-05	-1.069110e-04	 1.543870e-03	-4.106750e-03	 2.679595e-04	-6.150836e-06	-1.073387e-03	 1.376533e-04	 1.969545e-05	 6.145324e-06	
 2.784485e-15	-4.111971e-14	 5.513845e-21	 1.163312e-13	 1.291603e-12	-1.440921e-12	 1.698034e-12	 2.147115e-11	 5.072776e-12	 1.229165e-13	 1.134219e-10	 4.733936e-12	 7.701783e-13	-1.231070e-13	
 2.887538e-07	-8.321887e-06	 1.163312e-13	 2.518087e-05	 3.746234e-05	 1.999817e-04	-3.228550e-03	 8.885723e-03	-3.072798e-04	 1.554422e-05	 3.011744e-03	-1.610639e-04	-3.800067e-05	-1.553770e-05	
 7.652271e-07	-1.362036e-05	 1.291603e-12	 3.746234e-05	 3.082443e-04	-2.163220e-04	-1.271858e-03	 9.323711e-03	 9.978046e-04	 3.551112e-05	 2.697158e-02	 9.419639e-04	 1.513330e-04	-3.554906e-05	
 9.193004e-07	-1.069110e-04	-1.440921e-12	 1.999817e-04	-2.163220e-04	 1.380713e-01	-1.210154e+00	 1.765557e+00	-3.726457e-01	-1.979839e-03	-2.440880e-02	-2.518311e-01	-3.209703e-03	 1.989854e-03	
-2.791461e-05	 1.543870e-03	 1.698034e-12	-3.228550e-03	-1.271858e-03	-1.210154e+00	 1.224339e+01	-2.015288e+01	 4.871374e+00	 1.241151e-02	-4.202702e-02	 1.782009e+00	 2.750451e-02	-1.248246e-02	
 1.384207e-04	-4.106750e-03	 2.147115e-11	 8.885723e-03	 9.323711e-03	 1.765557e+00	-2.015288e+01	 3.871149e+01	-1.209610e+01	-1.255093e-02	 6.402262e-01	-2.386226e+00	-4.782540e-02	 1.264597e-02	
-2.404371e-06	 2.679595e-04	 5.072776e-12	-3.072798e-04	 9.978046e-04	-3.726457e-01	 4.871374e+00	-1.209610e+01	 6.641473e+00	 3.076274e-03	 1.159784e-01	 4.133818e-01	 5.851733e-03	-3.092754e-03	
 2.109139e-07	-6.150836e-06	 1.229165e-13	 1.554422e-05	 3.551112e-05	-1.979839e-03	 1.241151e-02	-1.255093e-02	 3.076274e-03	 7.242934e-05	 2.942072e-03	 6.851305e-03	 3.898129e-05	-7.270134e-05	
 5.623448e-05	-1.073387e-03	 1.134219e-10	 3.011744e-03	 2.697158e-02	-2.440880e-02	-4.202702e-02	 6.402262e-01	 1.159784e-01	 2.942072e-03	 2.376600e+00	 8.959786e-02	 1.436485e-02	-2.945676e-03	
-2.652657e-06	 1.376533e-04	 4.733936e-12	-1.610639e-04	 9.419639e-04	-2.518311e-01	 1.782009e+00	-2.386226e+00	 4.133818e-01	 6.851305e-03	 8.959786e-02	 8.169330e-01	 8.994924e-03	-6.883727e-03	
-8.694662e-07	 1.969545e-05	 7.701783e-13	-3.800067e-05	 1.513330e-04	-3.209703e-03	 2.750451e-02	-4.782540e-02	 5.851733e-03	 3.898129e-05	 1.436485e-02	 8.994924e-03	 3.717517e-04	-3.933913e-05	
-2.108072e-07	 6.145324e-06	-1.231070e-13	-1.553770e-05	-3.554906e-05	 1.989854e-03	-1.248246e-02	 1.264597e-02	-3.092754e-03	-7.270134e-05	-2.945676e-03	-6.883727e-03	-3.933913e-05	 7.297463e-05	
