#          omega_b,        omega_cdm,           b0_fld,           b1_fld,           b2_fld,     Omega_Lambda,               H0
 8.039808e-05	-3.696573e-04	-2.999751e-05	 1.794900e-02	 7.938531e-04	 6.271001e-04	 1.380005e-03	
-3.696573e-04	 1.786699e-03	 1.167163e-04	-8.505830e-02	-4.815554e-03	-3.067074e-03	-6.149682e-03	
-2.999751e-05	 1.167163e-04	 7.815753e-02	-5.238622e-01	 2.311340e-01	-2.025378e-03	-1.702834e-01	
 1.794900e-02	-8.505830e-02	-5.238622e-01	 8.561130e+00	-2.798809e+00	 1.543216e-01	 1.117738e+00	
 7.938531e-04	-4.815554e-03	 2.311340e-01	-2.798809e+00	 6.307742e+00	 5.713887e-03	-2.804192e-01	
 6.271001e-04	-3.067074e-03	-2.025378e-03	 1.543216e-01	 5.713887e-03	 5.367655e-03	 1.836806e-02	
 1.380005e-03	-6.149682e-03	-1.702834e-01	 1.117738e+00	-2.804192e-01	 1.836806e-02	 7.808047e-01	
