#          omega_b,        omega_cdm,           b0_fld,           b1_fld,           b2_fld,     Omega_Lambda,               H0
 5.867857e-05	-2.776221e-04	 2.212863e-04	 1.160603e-02	 2.998390e-03	 4.715998e-04	 7.487428e-04	
-2.776221e-04	 1.423737e-03	-1.386382e-03	-5.540179e-02	-1.896014e-02	-2.460785e-03	-2.939772e-03	
 2.212863e-04	-1.386382e-03	 5.963400e-02	-2.647699e-01	 6.178959e-02	 1.020684e-03	-1.395007e-01	
 1.160603e-02	-5.540179e-02	-2.647699e-01	 4.654508e+00	-3.832648e-01	 9.975361e-02	 6.648036e-01	
 2.998390e-03	-1.896014e-02	 6.178959e-02	-3.832648e-01	 4.305553e+00	 3.449781e-02	 3.711948e-02	
 4.715998e-04	-2.460785e-03	 1.020684e-03	 9.975361e-02	 3.449781e-02	 4.346418e-03	 1.208650e-02	
 7.487428e-04	-2.939772e-03	-1.395007e-01	 6.648036e-01	 3.711948e-02	 1.208650e-02	 7.221715e-01	
