#          omega_b,        omega_cdm,           b0_fld,           b1_fld,           b2_fld,     Omega_Lambda,               H0
 9.747016e-05	-4.436947e-04	-1.879710e-06	 2.051407e-02	 4.264999e-03	 7.502882e-04	 1.697889e-03	
-4.436947e-04	 2.114026e-03	-8.600401e-05	-9.549645e-02	-2.302547e-02	-3.613918e-03	-7.454039e-03	
-1.879710e-06	-8.600401e-05	 8.161566e-02	-5.337734e-01	 2.319510e-01	-1.643737e-03	-1.742614e-01	
 2.051407e-02	-9.549645e-02	-5.337734e-01	 8.957818e+00	-1.989718e+00	 1.711939e-01	 1.181268e+00	
 4.264999e-03	-2.302547e-02	 2.319510e-01	-1.989718e+00	 7.018511e+00	 3.789170e-02	-2.180722e-01	
 7.502882e-04	-3.613918e-03	-1.643737e-03	 1.711939e-01	 3.789170e-02	 6.278677e-03	 2.033088e-02	
 1.697889e-03	-7.454039e-03	-1.742614e-01	 1.181268e+00	-2.180722e-01	 2.033088e-02	 7.896537e-01	
