#               H0,          omega_b,          muparam,      lambdaparam,          k1param,          k2param,           w0_fld,          Omega_m
 2.669875e+01	-1.668344e-03	 5.129611e-08	-4.214222e-14	 1.899065e+01	0.000000e+00	 4.292388e+00	-1.241035e-02	
-1.668344e-03	 1.534952e-05	 2.566910e-10	-2.255459e-16	-7.301411e-03	0.000000e+00	-3.417288e-03	 2.431658e-05	
 5.129611e-08	 2.566910e-10	 5.023330e-11	-2.491044e-19	 2.508983e-04	0.000000e+00	 9.365140e-09	 5.482698e-10	
-4.214222e-14	-2.255459e-16	-2.491044e-19	 2.936261e-25	-2.729250e-12	0.000000e+00	 6.085095e-14	-3.467243e-16	
 1.899065e+01	-7.301411e-03	 2.508983e-04	-2.729250e-12	 5.368271e+03	0.000000e+00	 3.984634e+00	-1.760299e-02	
0.000000e+00	0.000000e+00	0.000000e+00	0.000000e+00	0.000000e+00	0.000000e+00	0.000000e+00	0.000000e+00	
 4.292388e+00	-3.417288e-03	 9.365140e-09	 6.085095e-14	 3.984634e+00	0.000000e+00	 1.530625e+00	-6.763246e-03	
-1.241035e-02	 2.431658e-05	 5.482698e-10	-3.467243e-16	-1.760299e-02	0.000000e+00	-6.763246e-03	 4.242997e-05	
