#          omega_b,        omega_cdm,              A_s,              n_s,         tau_reio,           b0_fld,           b1_fld,     Omega_Lambda,           z_reio,               H0,           sigma8
 3.271777e-08	-1.555271e-07	 3.289155e-15	 2.882773e-07	 8.906937e-07	-1.341748e-06	 1.731455e-05	 2.637609e-07	 6.589232e-05	 8.640201e-08	-9.880043e-07	
-1.555271e-07	 3.538370e-06	-3.857834e-14	-7.606314e-06	-1.291786e-05	 4.202122e-05	-3.288210e-04	-7.482992e-06	-1.019944e-03	-2.904416e-05	 1.987741e-05	
 3.289155e-15	-3.857834e-14	 5.889002e-21	 9.541493e-14	 1.364917e-12	-8.841459e-13	 4.793949e-12	 9.050508e-14	 1.186427e-10	 1.788578e-12	 7.978576e-13	
 2.882773e-07	-7.606314e-06	 9.541493e-14	 2.263407e-05	 3.194694e-05	-9.733003e-05	 7.295964e-04	 1.625544e-05	 2.566907e-03	 7.014075e-05	-3.849152e-05	
 8.906937e-07	-1.291786e-05	 1.364917e-12	 3.194694e-05	 3.220971e-04	-2.457499e-04	 1.456291e-03	 2.924864e-05	 2.791510e-02	 4.197627e-04	 1.557120e-04	
-1.341748e-06	 4.202122e-05	-8.841459e-13	-9.733003e-05	-2.457499e-04	 1.454724e-02	-3.231869e-02	-7.087908e-04	-2.075829e-02	-7.065422e-02	-2.662884e-04	
 1.731455e-05	-3.288210e-04	 4.793949e-12	 7.295964e-04	 1.456291e-03	-3.231869e-02	 9.473475e-02	 1.617118e-03	 1.175536e-01	 1.081204e-01	-1.227065e-03	
 2.637609e-07	-7.482992e-06	 9.050508e-14	 1.625544e-05	 2.924864e-05	-7.087908e-04	 1.617118e-03	 6.305080e-05	 2.349392e-03	 5.404105e-03	 2.912921e-06	
 6.589232e-05	-1.019944e-03	 1.186427e-10	 2.566907e-03	 2.791510e-02	-2.075829e-02	 1.175536e-01	 2.349392e-03	 2.432429e+00	 3.679850e-02	 1.446341e-02	
 8.640201e-08	-2.904416e-05	 1.788578e-12	 7.014075e-05	 4.197627e-04	-7.065422e-02	 1.081204e-01	 5.404105e-03	 3.679850e-02	 6.065722e-01	 4.923429e-03	
-9.880043e-07	 1.987741e-05	 7.978576e-13	-3.849152e-05	 1.557120e-04	-2.662884e-04	-1.227065e-03	 2.912921e-06	 1.446341e-02	 4.923429e-03	 3.495413e-04	
