#          omega_b,        omega_cdm,              A_s,              n_s,         tau_reio,           b0_fld,           b1_fld,     Omega_Lambda,               H0
 3.881222e-05	-1.829361e-04	-1.007757e-11	 3.154038e-04	 2.457159e-04	 7.917197e-04	 2.271463e-03	 3.000897e-04	-7.117430e-04	
-1.829361e-04	 9.426291e-04	 4.810574e-11	-1.549898e-03	-1.310792e-03	-3.943433e-03	-1.083065e-02	-1.581769e-03	 3.593341e-03	
-1.007757e-11	 4.810574e-11	 1.163570e-17	-5.389344e-10	-5.399971e-11	-1.006559e-10	-1.281864e-09	-8.104660e-11	-1.063969e-11	
 3.154038e-04	-1.549898e-03	-5.389344e-10	 6.892096e-02	 1.647101e-03	-5.513898e-04	 6.860456e-02	 2.708997e-03	 9.727545e-03	
 2.457159e-04	-1.310792e-03	-5.399971e-11	 1.647101e-03	 2.697094e-02	 4.834892e-03	 2.499772e-02	 2.227581e-03	-2.648182e-03	
 7.917197e-04	-3.943433e-03	-1.006559e-10	-5.513898e-04	 4.834892e-03	 4.169330e-02	-4.904966e-02	 5.754926e-03	-9.631607e-02	
 2.271463e-03	-1.083065e-02	-1.281864e-09	 6.860456e-02	 2.499772e-02	-4.904966e-02	 6.915313e-01	 1.978998e-02	 1.610827e-01	
 3.000897e-04	-1.581769e-03	-8.104660e-11	 2.708997e-03	 2.227581e-03	 5.754926e-03	 1.978998e-02	 2.725770e-03	-2.639471e-04	
-7.117430e-04	 3.593341e-03	-1.063969e-11	 9.727545e-03	-2.648182e-03	-9.631607e-02	 1.610827e-01	-2.639471e-04	 6.060776e-01	
