#          omega_b,        omega_cdm,           b0_fld,           b1_fld,           b2_fld,     Omega_Lambda,               H0
 7.049327e-05	-3.048139e-04	 9.024265e-04	 5.851408e-03	 7.455169e-03	 4.946125e-04	-2.433122e-04	
-3.048139e-04	 1.386856e-03	-3.933690e-03	-2.633171e-02	-3.420274e-02	-2.282870e-03	 1.225405e-03	
 9.024265e-04	-3.933690e-03	 6.687904e-02	-2.493336e-01	 1.964694e-01	 5.099544e-03	-1.406054e-01	
 5.851408e-03	-2.633171e-02	-2.493336e-01	 3.100660e+00	-8.939664e-01	 4.880820e-02	 5.456543e-01	
 7.455169e-03	-3.420274e-02	 1.964694e-01	-8.939664e-01	 4.537058e+00	 5.560617e-02	-1.043502e-01	
 4.946125e-04	-2.282870e-03	 5.099544e-03	 4.880820e-02	 5.560617e-02	 3.832291e-03	 4.268895e-03	
-2.433122e-04	 1.225405e-03	-1.406054e-01	 5.456543e-01	-1.043502e-01	 4.268895e-03	 7.009108e-01	
