#          omega_b,        omega_cdm,              A_s,              n_s,         tau_reio,     Omega_Lambda,           z_reio,               H0,           sigma8,          Omega_m
 2.248693e-08	 7.112145e-09	-1.630361e-15	-1.015967e-07	-4.035367e-07	 1.024996e-07	-4.104569e-05	 1.893710e-05	-3.997563e-07	-1.032602e-07	
 7.112145e-09	 8.263634e-07	-1.493202e-14	-1.928139e-06	-4.364674e-06	-4.149981e-06	-3.414795e-04	-2.717758e-04	-3.021797e-07	 4.160890e-06	
-1.630361e-15	-1.493202e-14	 9.063911e-21	 9.734945e-14	 2.019253e-12	 7.276365e-14	 1.696962e-10	 4.275130e-12	 1.646195e-12	-7.293540e-14	
-1.015967e-07	-1.928139e-06	 9.734945e-14	 1.095966e-05	 2.528628e-05	 9.957438e-06	 2.088138e-03	 6.454571e-04	 1.482574e-05	-9.983333e-06	
-4.035367e-07	-4.364674e-06	 2.019253e-12	 2.528628e-05	 4.521602e-04	 2.105316e-05	 3.801108e-02	 1.243999e-03	 3.642265e-04	-2.110312e-05	
 1.024996e-07	-4.149981e-06	 7.276365e-14	 9.957438e-06	 2.105316e-05	 2.287573e-05	 1.600556e-03	 1.631221e-03	 9.973828e-07	-2.294122e-05	
-4.104569e-05	-3.414795e-04	 1.696962e-10	 2.088138e-03	 3.801108e-02	 1.600556e-03	 3.204361e+00	 8.967189e-02	 3.073973e-02	-1.604158e-03	
 1.893710e-05	-2.717758e-04	 4.275130e-12	 6.454571e-04	 1.243999e-03	 1.631221e-03	 8.967189e-02	 1.250645e-01	-5.964478e-05	-1.636242e-03	
-3.997563e-07	-3.021797e-07	 1.646195e-12	 1.482574e-05	 3.642265e-04	 9.973828e-07	 3.073973e-02	-5.964478e-05	 3.077490e-04	-9.950130e-07	
-1.032602e-07	 4.160890e-06	-7.293540e-14	-9.983333e-06	-2.110312e-05	-2.294122e-05	-1.604158e-03	-1.636242e-03	-9.950130e-07	 2.300691e-05	
