#          omega_b,        omega_cdm,           b0_fld,           b1_fld,           b2_fld,           b3_fld,     Omega_Lambda,               H0
 4.732630e-05	-2.307943e-04	-2.517003e+01	 2.495145e+02	-4.086031e+01	-2.393603e+01	 6.557576e-04	 8.585763e-02	
-2.307943e-04	 1.190889e-03	 1.218446e+02	-1.206346e+03	 1.968570e+02	 1.158442e+02	-3.478853e-03	-4.417146e-01	
-2.517003e+01	 1.218446e+02	 1.023997e+08	-9.883366e+08	-2.018553e+08	 8.393670e+07	-4.161967e+02	-6.063800e+04	
 2.495145e+02	-1.206346e+03	-9.883366e+08	 9.731776e+09	 6.377009e+08	-8.197623e+08	 4.131827e+03	 6.022443e+05	
-4.086031e+01	 1.968570e+02	-2.018553e+08	 6.377009e+08	 1.274761e+10	-1.767800e+07	-7.262071e+02	-1.063471e+05	
-2.393603e+01	 1.158442e+02	 8.393670e+07	-8.197623e+08	-1.767800e+07	 7.290992e+07	-3.947315e+02	-5.750072e+04	
 6.557576e-04	-3.478853e-03	-4.161967e+02	 4.131827e+03	-7.262071e+02	-3.947315e+02	 1.584890e-02	 2.108952e+00	
 8.585763e-02	-4.417146e-01	-6.063800e+04	 6.022443e+05	-1.063471e+05	-5.750072e+04	 2.108952e+00	 2.942466e+02	
