#          omega_b,        omega_cdm,           b0_fld,           b1_fld,           b2_fld,           b3_fld,     Omega_Lambda,               H0,          Omega_m
 7.550612e-06	-3.373033e-05	-2.306864e+01	-2.044675e+01	-1.332702e+01	-7.915546e+00	 2.615624e-05	 1.920040e-03	-2.615624e-05	
-3.373033e-05	 2.047676e-04	 1.648298e+02	 1.099491e+02	-4.131217e+01	 1.028042e+02	-1.607949e-04	-8.002380e-03	 1.607949e-04	
-2.306864e+01	 1.648298e+02	 1.952818e+13	-5.828814e+12	 1.137021e+13	 1.390965e+12	-1.511394e+02	-1.381840e+04	 1.511394e+02	
-2.044675e+01	 1.099491e+02	-5.828814e+12	 4.660054e+13	-3.193971e+13	 2.587635e+12	-8.028243e+01	-1.166784e+03	 8.028245e+01	
-1.332702e+01	-4.131217e+01	 1.137021e+13	-3.193971e+13	 8.015315e+13	-9.258025e+12	-1.225134e+01	-2.573219e+04	 1.225133e+01	
-7.915546e+00	 1.028042e+02	 1.390965e+12	 2.587635e+12	-9.258025e+12	 6.171685e+12	-7.660676e+01	 1.586155e+03	 7.660675e+01	
 2.615624e-05	-1.607949e-04	-1.511394e+02	-8.028243e+01	-1.225134e+01	-7.660676e+01	 1.289746e-04	 7.325044e-03	-1.289746e-04	
 1.920040e-03	-8.002380e-03	-1.381840e+04	-1.166784e+03	-2.573219e+04	 1.586155e+03	 7.325044e-03	 9.950426e-01	-7.325044e-03	
-2.615624e-05	 1.607949e-04	 1.511394e+02	 8.028245e+01	 1.225133e+01	 7.660675e+01	-1.289746e-04	-7.325044e-03	 1.289746e-04	
