#               H0,          omega_b,          muparam,      lambdaparam,          k1param,          k2param,           w0_fld,          Omega_m
 9.179735e+00	-1.328692e-02	-5.284668e-06	-1.936496e-12	-3.305200e+03	-1.652113e+06	 1.066982e+00	-3.009932e-02	
-1.328692e-02	 9.355097e-05	 3.728066e-09	 2.672257e-15	 6.632947e-01	-9.273813e+03	-7.329323e-04	 1.659536e-04	
-5.284668e-06	 3.728066e-09	 7.992472e-10	-1.728290e-16	-1.614973e-02	 2.509437e+01	-1.243940e-06	 1.038506e-08	
-1.936496e-12	 2.672257e-15	-1.728290e-16	 8.081152e-20	-6.443517e-08	-3.927290e-05	-2.290871e-12	 6.332797e-15	
-3.305200e+03	 6.632947e-01	-1.614973e-02	-6.443517e-08	 6.596275e+08	 1.064530e+10	-5.723414e+02	 4.199469e+00	
-1.652113e+06	-9.273813e+03	 2.509437e+01	-3.927290e-05	 1.064530e+10	 4.148442e+15	-5.678108e+05	-1.322309e+04	
 1.066982e+00	-7.329323e-04	-1.243940e-06	-2.290871e-12	-5.723414e+02	-5.678108e+05	 2.705605e-01	-2.107508e-03	
-3.009932e-02	 1.659536e-04	 1.038506e-08	 6.332797e-15	 4.199469e+00	-1.322309e+04	-2.107508e-03	 3.020415e-04	
