#               H0,          omega_b,         mu_param,      lmbda_param,          k1param,          k2param,           w0_fld,          Omega_m
 2.861352e+01	 5.609639e-03	 1.723403e-05	 1.936533e-10	 1.280400e+03	 8.108808e+08	 3.289363e+00	-4.513902e-03	
 5.609639e-03	 5.657919e-05	-1.089766e-07	-9.985370e-13	-3.749170e+01	-4.589432e+06	-5.299884e-03	 8.197185e-05	
 1.723403e-05	-1.089766e-07	 1.130017e-09	 4.485818e-15	 2.952995e-01	 3.042927e+04	 9.012606e-06	-1.731759e-07	
 1.936533e-10	-9.985370e-13	 4.485818e-15	 1.015026e-19	 1.918001e-06	 2.298595e-01	 9.542511e-11	-1.592331e-12	
 1.280400e+03	-3.749170e+01	 2.952995e-01	 1.918001e-06	 7.114726e+08	 1.249005e+13	-5.545808e+02	-5.893192e+01	
 8.108808e+08	-4.589432e+06	 3.042927e+04	 2.298595e-01	 1.249005e+13	 5.567378e+18	 3.393916e+08	-7.396407e+06	
 3.289363e+00	-5.299884e-03	 9.012606e-06	 9.542511e-11	-5.545808e+02	 3.393916e+08	 1.496873e+00	-9.217712e-03	
-4.513902e-03	 8.197185e-05	-1.731759e-07	-1.592331e-12	-5.893192e+01	-7.396407e+06	-9.217712e-03	 1.254556e-04	
