#          omega_b,        omega_cdm,              A_s,              n_s,         tau_reio,           b0_fld,           b1_fld,     Omega_Lambda,           z_reio,               H0,           sigma8,          Omega_m
 2.562027e-08	-1.325815e-07	 2.859329e-15	 2.267940e-07	 7.838577e-07	 1.790364e-06	 8.954406e-06	 1.008125e-07	 6.040919e-05	-1.427212e-05	-8.650794e-07	-1.002345e-07	
-1.325815e-07	 2.930445e-06	-3.209410e-14	-5.792139e-06	-1.083417e-05	-3.605594e-05	-1.285095e-04	-3.365975e-06	-8.654215e-04	 2.911177e-04	 1.781199e-05	 3.354397e-06	
 2.859329e-15	-3.209410e-14	 5.535744e-21	 6.771953e-14	 1.284632e-12	 9.408213e-14	 2.950767e-12	 7.458786e-15	 1.131957e-10	-6.258296e-12	 7.374381e-13	-7.210408e-15	
 2.267940e-07	-5.792139e-06	 6.771953e-14	 1.812364e-05	 2.386385e-05	 7.635239e-05	 2.793996e-04	 5.181008e-06	 1.935353e-03	-7.573878e-04	-3.435461e-05	-5.151083e-06	
 7.838577e-07	-1.083417e-05	 1.284632e-12	 2.386385e-05	 3.031485e-04	 6.813963e-05	 8.258993e-04	 4.984471e-06	 2.662791e-02	-1.870921e-03	 1.437977e-04	-4.910262e-06	
 1.790364e-06	-3.605594e-05	 9.408213e-14	 7.635239e-05	 6.813963e-05	 1.492576e-03	 6.485281e-04	-6.987547e-05	 4.757465e-03	-1.649466e-02	-3.955514e-04	 7.052191e-05	
 8.954406e-06	-1.285095e-04	 2.950767e-12	 2.793996e-04	 8.258993e-04	 6.485281e-04	 1.128787e-02	 1.269622e-05	 6.861398e-02	-2.771594e-02	-7.068467e-04	-1.159946e-05	
 1.008125e-07	-3.365975e-06	 7.458786e-15	 5.181008e-06	 4.984471e-06	-6.987547e-05	 1.269622e-05	 2.928030e-05	 3.431216e-04	 2.611290e-03	 2.807037e-06	-2.938233e-05	
 6.040919e-05	-8.654215e-04	 1.131957e-10	 1.935353e-03	 2.662791e-02	 4.757465e-03	 6.861398e-02	 3.431216e-04	 2.347843e+00	-1.564137e-01	 1.348515e-02	-3.369232e-04	
-1.427212e-05	 2.911177e-04	-6.258296e-12	-7.573878e-04	-1.870921e-03	-1.649466e-02	-2.771594e-02	 2.611290e-03	-1.564137e-01	 3.716495e-01	 4.464759e-03	-2.625854e-03	
-8.650794e-07	 1.781199e-05	 7.374381e-13	-3.435461e-05	 1.437977e-04	-3.955514e-04	-7.068467e-04	 2.807037e-06	 1.348515e-02	 4.464759e-03	 3.129959e-04	-2.982851e-06	
-1.002345e-07	 3.354397e-06	-7.210408e-15	-5.151083e-06	-4.910262e-06	 7.052191e-05	-1.159946e-05	-2.938233e-05	-3.369232e-04	-2.625854e-03	-2.982851e-06	 2.948494e-05	
