#          omega_b,        omega_cdm,           b0_fld,           b1_fld,     Omega_Lambda,               H0
 5.547971e-05	-2.747973e-04	 4.947585e-04	 9.021002e-03	 4.700774e-04	 6.512458e-05	
-2.747973e-04	 1.455290e-03	-2.379444e-03	-4.757206e-02	-2.529658e-03	-4.072010e-04	
 4.947585e-04	-2.379444e-03	 5.076938e-02	-1.669004e-01	 2.661081e-03	-1.180301e-01	
 9.021002e-03	-4.757206e-02	-1.669004e-01	 3.306703e+00	 8.768291e-02	 4.422359e-01	
 4.700774e-04	-2.529658e-03	 2.661081e-03	 8.768291e-02	 4.500352e-03	 8.248063e-03	
 6.512458e-05	-4.072010e-04	-1.180301e-01	 4.422359e-01	 8.248063e-03	 6.668461e-01	
