#          omega_b,        omega_cdm,           w0_fld,           wa_fld,     Omega_Lambda,               H0
 5.634784e-05	-2.722920e-04	 6.840892e-04	 6.972020e-03	 4.566213e-04	-8.690578e-04	
-2.722920e-04	 1.383761e-03	-3.434777e-03	-3.420740e-02	-2.342003e-03	 5.012011e-03	
 6.840892e-04	-3.434777e-03	 3.861100e-02	-8.717848e-02	 4.549975e-03	-1.191401e-01	
 6.972020e-03	-3.420740e-02	-8.717848e-02	 2.220571e+00	 6.270615e-02	 3.254454e-01	
 4.566213e-04	-2.342003e-03	 4.549975e-03	 6.270615e-02	 4.064905e-03	-4.692632e-04	
-8.690578e-04	 5.012011e-03	-1.191401e-01	 3.254454e-01	-4.692632e-04	 7.498371e-01	
