#               H0,          omega_b,          muparam,      lambdaparam,          k1param,          k2param,           w0_fld,          Omega_m
 4.517417e-02	-1.696848e-04	 5.670691e-09	-2.582722e-15	 4.784874e-01	0.000000e+00	 8.798155e-04	-3.058958e-04	
-1.696848e-04	 4.302606e-06	-1.545848e-10	 6.124807e-17	-1.152088e-02	0.000000e+00	 1.946086e-06	 6.452901e-06	
 5.670691e-09	-1.545848e-10	 1.095118e-13	-2.279040e-21	 8.397278e-07	0.000000e+00	 2.520921e-10	-2.307397e-10	
-2.582722e-15	 6.124807e-17	-2.279040e-21	 1.204674e-27	-1.831125e-13	0.000000e+00	 5.798038e-17	 9.205837e-17	
 4.784874e-01	-1.152088e-02	 8.397278e-07	-1.831125e-13	 4.016230e+01	0.000000e+00	-4.293838e-03	-1.730810e-02	
0.000000e+00	0.000000e+00	0.000000e+00	0.000000e+00	0.000000e+00	0.000000e+00	0.000000e+00	0.000000e+00	
 8.798155e-04	 1.946086e-06	 2.520921e-10	 5.798038e-17	-4.293838e-03	0.000000e+00	 1.803847e-04	 1.641604e-06	
-3.058958e-04	 6.452901e-06	-2.307397e-10	 9.205837e-17	-1.730810e-02	0.000000e+00	 1.641604e-06	 9.746750e-06	
