#          omega_b,        omega_cdm,           b0_fld,           b1_fld,     Omega_Lambda,               H0
 5.957499e-05	-2.895604e-04	 5.606631e-04	 9.079115e-03	 4.921816e-04	-3.200630e-05	
-2.895604e-04	 1.494987e-03	-2.714425e-03	-4.643106e-02	-2.577954e-03	 2.338443e-04	
 5.606631e-04	-2.714425e-03	 5.134904e-02	-1.595921e-01	 3.255120e-03	-1.169828e-01	
 9.079115e-03	-4.643106e-02	-1.595921e-01	 3.202960e+00	 8.480487e-02	 4.097437e-01	
 4.921816e-04	-2.577954e-03	 3.255120e-03	 8.480487e-02	 4.546311e-03	 7.024497e-03	
-3.200630e-05	 2.338443e-04	-1.169828e-01	 4.097437e-01	 7.024497e-03	 6.626706e-01	
