#          omega_b,        omega_cdm,              A_s,              n_s,         tau_reio,           b0_fld,           b1_fld,           b2_fld,     Omega_Lambda,           z_reio,               H0,           sigma8
 3.054859e-08	-1.313732e-07	 2.418176e-15	 2.310371e-07	 6.709528e-07	-1.850224e-06	 2.153911e-05	 8.861200e-06	 2.457303e-07	 4.803335e-05	 3.509195e-06	-8.545356e-07	
-1.313732e-07	 3.037269e-06	-3.462888e-14	-6.433232e-06	-1.144698e-05	 3.924893e-05	-3.066882e-04	-2.422477e-04	-6.680780e-06	-9.119894e-04	-5.644694e-05	 1.557824e-05	
 2.418176e-15	-3.462888e-14	 5.588461e-21	 9.051923e-14	 1.295672e-12	-1.058259e-12	 6.939189e-12	 8.790293e-13	 8.724581e-14	 1.131281e-10	 2.081548e-12	 8.075964e-13	
 2.310371e-07	-6.433232e-06	 9.051923e-14	 1.990286e-05	 2.948971e-05	-8.413398e-05	 6.484998e-04	 5.433055e-04	 1.407954e-05	 2.405802e-03	 9.992147e-05	-2.801487e-05	
 6.709528e-07	-1.144698e-05	 1.295672e-12	 2.948971e-05	 3.054530e-04	-2.842699e-04	 1.914133e-03	 4.867945e-04	 2.769824e-05	 2.660406e-02	 5.318883e-04	 1.634110e-04	
-1.850224e-06	 3.924893e-05	-1.058259e-12	-8.413398e-05	-2.842699e-04	 2.958862e-02	-1.415133e-01	 8.264338e-02	-9.118044e-04	-2.377355e-02	-9.456507e-02	-7.572280e-04	
 2.153911e-05	-3.066882e-04	 6.939189e-12	 6.484998e-04	 1.914133e-03	-1.415133e-01	 9.734650e-01	-7.771551e-01	 3.070041e-03	 1.528259e-01	 2.790437e-01	 2.327038e-03	
 8.861200e-06	-2.422477e-04	 8.790293e-13	 5.433055e-04	 4.867945e-04	 8.264338e-02	-7.771551e-01	 8.538866e-01	-6.371422e-04	 4.168387e-02	-1.276632e-01	-4.187493e-03	
 2.457303e-07	-6.680780e-06	 8.724581e-14	 1.407954e-05	 2.769824e-05	-9.118044e-04	 3.070041e-03	-6.371422e-04	 6.276818e-05	 2.246267e-03	 5.576850e-03	 1.648163e-05	
 4.803335e-05	-9.119894e-04	 1.131281e-10	 2.405802e-03	 2.660406e-02	-2.377355e-02	 1.528259e-01	 4.168387e-02	 2.246267e-03	 2.329237e+00	 4.542581e-02	 1.501546e-02	
 3.509195e-06	-5.644694e-05	 2.081548e-12	 9.992147e-05	 5.318883e-04	-9.456507e-02	 2.790437e-01	-1.276632e-01	 5.576850e-03	 4.542581e-02	 6.214269e-01	 5.426641e-03	
-8.545356e-07	 1.557824e-05	 8.075964e-13	-2.801487e-05	 1.634110e-04	-7.572280e-04	 2.327038e-03	-4.187493e-03	 1.648163e-05	 1.501546e-02	 5.426641e-03	 3.259357e-04	
