#          omega_b,        omega_cdm,           w0_fld,           wa_fld,     Omega_Lambda,               H0
 3.040721e-05	-1.641360e-04	 8.147937e-04	 1.188491e-03	 2.749354e-04	-1.215575e-03	
-1.641360e-04	 9.672120e-04	-4.243081e-03	-7.434635e-03	-1.667639e-03	 5.632154e-03	
 8.147937e-04	-4.243081e-03	 3.768767e-02	-2.053694e-02	 6.444254e-03	-8.230028e-02	
 1.188491e-03	-7.434635e-03	-2.053694e-02	 3.069489e-01	 1.439218e-02	 7.814215e-02	
 2.749354e-04	-1.667639e-03	 6.444254e-03	 1.439218e-02	 2.942667e-03	-5.340444e-03	
-1.215575e-03	 5.632154e-03	-8.230028e-02	 7.814215e-02	-5.340444e-03	 3.661187e-01	
