#          omega_b,        omega_cdm,           b0_fld,           b1_fld,           b2_fld,     Omega_Lambda,               H0
 8.736243e-05	-3.979098e-04	 2.609741e-04	 1.387452e-02	 4.282563e-03	 6.682461e-04	 9.811861e-04	
-3.979098e-04	 1.906063e-03	-1.165181e-03	-6.552117e-02	-2.183357e-02	-3.243160e-03	-4.455100e-03	
 2.609741e-04	-1.165181e-03	 6.476390e-02	-4.022376e-01	 2.665635e-01	 3.130358e-04	-1.519584e-01	
 1.387452e-02	-6.552117e-02	-4.022376e-01	 6.190998e+00	-2.493437e+00	 1.195930e-01	 9.483068e-01	
 4.282563e-03	-2.183357e-02	 2.665635e-01	-2.493437e+00	 6.795939e+00	 3.418165e-02	-3.119934e-01	
 6.682461e-04	-3.243160e-03	 3.130358e-04	 1.195930e-01	 3.418165e-02	 5.620908e-03	 1.533787e-02	
 9.811861e-04	-4.455100e-03	-1.519584e-01	 9.483068e-01	-3.119934e-01	 1.533787e-02	 7.753513e-01	
