#          omega_b,        omega_cdm,           b0_fld,           b1_fld,     Omega_Lambda,               H0
 7.066424e-05	-3.319826e-04	 6.723221e-04	 7.595486e-03	 5.568774e-04	-1.794547e-04	
-3.319826e-04	 1.783211e-03	-3.409331e-03	-4.100843e-02	-3.093853e-03	 6.324935e-04	
 6.723221e-04	-3.409331e-03	 3.849753e-02	-8.323518e-02	 4.759314e-03	-9.762436e-02	
 7.595486e-03	-4.100843e-02	-8.323518e-02	 2.055373e+00	 7.514940e-02	 3.274830e-01	
 5.568774e-04	-3.093853e-03	 4.759314e-03	 7.514940e-02	 5.486946e-03	 6.020134e-03	
-1.794547e-04	 6.324935e-04	-9.762436e-02	 3.274830e-01	 6.020134e-03	 6.506649e-01	
