#               H0,          omega_b,         mu_param,      lmbda_param,          k1param,          k2param,           w0_fld,          Omega_m
 3.376642e-02	-3.534414e-05	-4.642281e-08	-7.611776e-16	-2.813312e-01	0.000000e+00	 6.721289e-04	-9.583165e-05	
-3.534414e-05	 1.160575e-06	 6.744169e-10	 2.308328e-17	 3.102652e-03	0.000000e+00	-1.113288e-06	 1.729327e-06	
-4.642281e-08	 6.744169e-10	 2.556090e-12	 4.206669e-20	 1.215196e-05	0.000000e+00	-3.676142e-09	 1.038480e-09	
-7.611776e-16	 2.308328e-17	 4.206669e-20	 7.221980e-27	 6.631904e-13	0.000000e+00	-1.639794e-17	 3.443936e-17	
-2.813312e-01	 3.102652e-03	 1.215196e-05	 6.631904e-13	 1.502851e+02	0.000000e+00	-1.041461e-02	 4.860555e-03	
0.000000e+00	0.000000e+00	0.000000e+00	0.000000e+00	0.000000e+00	0.000000e+00	0.000000e+00	0.000000e+00	
 6.721289e-04	-1.113288e-06	-3.676142e-09	-1.639794e-17	-1.041461e-02	0.000000e+00	 1.626561e-04	-2.500646e-06	
-9.583165e-05	 1.729327e-06	 1.038480e-09	 3.443936e-17	 4.860555e-03	0.000000e+00	-2.500646e-06	 2.633858e-06	
