#               H0,          omega_b,        omega_cdm,      alpha_param,         bs_param,          B_param,          Omega_m
 1.584026e-01	 2.181517e-04	-3.112135e-04	-1.840562e+07	-3.348017e+10	-1.755784e-02	-1.353759e-03	
 2.181517e-04	 1.036073e-04	-7.631544e-05	-1.278613e+06	-1.121905e+09	-1.276403e-04	 4.230312e-05	
-3.112135e-04	-7.631544e-05	 8.889368e-04	 1.350023e+06	-2.822934e+09	-2.990887e-03	 1.311881e-03	
-1.840562e+07	-1.278613e+06	 1.350023e+06	 5.491915e+17	 2.595295e+20	 3.105399e+06	 2.810610e+05	
-3.348017e+10	-1.121905e+09	-2.822934e+09	 2.595295e+20	 2.029879e+25	 2.155950e+10	-6.132888e+09	
-1.755784e-02	-1.276403e-04	-2.990887e-03	 3.105399e+06	 2.155950e+10	 1.412116e-02	-4.888926e-03	
-1.353759e-03	 4.230312e-05	 1.311881e-03	 2.810610e+05	-6.132888e+09	-4.888926e-03	 2.192751e-03	
