#          omega_b,        omega_cdm,              A_s,              n_s,         tau_reio,           b0_fld,           b1_fld,           b2_fld,           b3_fld,     Omega_Lambda,           z_reio,               H0,           sigma8
 3.17965e-04	-1.48745e-05	 2.43466e-04	 2.71305e-05	 6.93707e-05	-6.22569e-04	 5.33020e-03	 1.81079e-03	 4.74545e-04	 3.21276e-05	 4.85750e-03	 8.35808e-04	-9.19967e-05	
-1.48745e-05	 3.34574e-06	-2.96711e-05	-7.15335e-06	-1.07120e-05	 1.29980e-04	-9.34537e-04	-3.04636e-04	-1.73426e-04	-8.23307e-06	-8.31289e-04	-1.67514e-04	 1.73051e-05	
 2.43466e-04	-2.96711e-05	 5.66644e-03	 7.46676e-05	 1.30454e-03	-1.35083e-03	 6.94864e-03	 6.77625e-03	 3.27101e-03	 8.20042e-05	 1.13914e-01	 2.80268e-03	 8.58670e-04	
 2.71305e-05	-7.15335e-06	 7.46676e-05	 2.15666e-05	 2.68247e-05	-2.97502e-04	 2.09717e-03	 6.71160e-04	 3.53764e-04	 1.78812e-05	 2.13587e-03	 3.79230e-04	-3.27490e-05	
 6.93707e-05	-1.07120e-05	 1.30454e-03	 2.68247e-05	 3.05976e-04	-4.61971e-04	 2.68427e-03	 1.88429e-03	 9.24934e-04	 2.84340e-05	 2.66322e-02	 8.30804e-04	 1.72318e-04	
-6.22569e-04	 1.29980e-04	-1.35083e-03	-2.97502e-04	-4.61971e-04	 5.22527e-02	-2.71194e-01	 3.18753e-02	 1.09904e-01	-1.36716e-03	-3.67697e-02	-1.27149e-01	-3.34971e-04	
 5.33020e-03	-9.34537e-04	 6.94864e-03	 2.09717e-03	 2.68427e-03	-2.71194e-01	 1.83273e+00	-4.50809e-01	-9.66381e-01	 5.34685e-03	 2.03614e-01	 3.99456e-01	-2.08725e-03	
 1.81079e-03	-3.04636e-04	 6.77625e-03	 6.71160e-04	 1.88429e-03	 3.18753e-02	-4.50809e-01	 7.82520e-01	 3.73426e-02	 3.83558e-04	 1.55935e-01	-2.54233e-02	-1.46203e-03	
 4.74545e-04	-1.73426e-04	 3.27101e-03	 3.53764e-04	 9.24934e-04	 1.09904e-01	-9.66381e-01	 3.73426e-02	 1.43823e+00	-5.03370e-04	 7.64304e-02	-9.82402e-02	-2.31420e-03	
 3.21276e-05	-8.23307e-06	 8.20042e-05	 1.78812e-05	 2.84340e-05	-1.36716e-03	 5.34685e-03	 3.83558e-04	-5.03370e-04	 7.12733e-05	 2.24921e-03	 6.27725e-03	 9.25957e-06	
 4.85750e-03	-8.31289e-04	 1.13914e-01	 2.13587e-03	 2.66322e-02	-3.67697e-02	 2.03614e-01	 1.55935e-01	 7.64304e-02	 2.24921e-03	 2.33082e+00	 6.81067e-02	 1.58934e-02	
 8.35808e-04	-1.67514e-04	 2.80268e-03	 3.79230e-04	 8.30804e-04	-1.27149e-01	 3.99456e-01	-2.54233e-02	-9.82402e-02	 6.27725e-03	 6.81067e-02	 6.84747e-01	 5.07428e-03	
-9.19967e-05	 1.73051e-05	 8.58670e-04	-3.27490e-05	 1.72318e-04	-3.34971e-04	-2.08725e-03	-1.46203e-03	-2.31420e-03	 9.25957e-06	 1.58934e-02	 5.07428e-03	 3.35000e-04	
